  0.50000000  0.50000000  0.05000000  24
  0.55000000  0.50000000  0.10000000  48
  0.55000000  0.55000000  0.15000000  24
  0.60000000  0.50000000  0.15000000  48
  0.60000000  0.55000000  0.20000000  48
  0.60000000  0.60000000  0.25000000  24
  0.65000000  0.50000000  0.20000000  48
  0.65000000  0.55000000  0.25000000  48
  0.70000000  0.50000000  0.25000000  48
  0.45000000  0.45000000  0.05000000  24
  0.50000000  0.45000000  0.10000000  48
  0.50000000  0.50000000  0.15000000  24
  0.55000000  0.45000000  0.15000000  48
  0.55000000  0.50000000  0.20000000  48
  0.55000000  0.55000000  0.25000000  24
  0.60000000  0.45000000  0.20000000  48
  0.60000000  0.50000000  0.25000000  48
  0.60000000  0.55000000  0.30000000  48
  0.65000000  0.45000000  0.25000000  48
  0.65000000  0.50000000  0.30000000  48
  0.70000000  0.45000000  0.30000000  48
  0.40000000  0.40000000  0.05000000  24
  0.45000000  0.40000000  0.10000000  48
  0.45000000  0.45000000  0.15000000  24
  0.50000000  0.40000000  0.15000000  48
  0.50000000  0.45000000  0.20000000  48
  0.50000000  0.50000000  0.25000000  24
  0.55000000  0.40000000  0.20000000  48
  0.55000000  0.45000000  0.25000000  48
  0.55000000  0.50000000  0.30000000  48
  0.55000000  0.55000000  0.35000000  24
  0.60000000  0.40000000  0.25000000  48
  0.60000000  0.45000000  0.30000000  48
  0.60000000  0.50000000  0.35000000  48
  0.65000000  0.40000000  0.30000000  48
  0.65000000  0.45000000  0.35000000  48
  0.70000000  0.40000000  0.35000000  48
  0.35000000  0.35000000  0.05000000  24
  0.40000000  0.35000000  0.10000000  48
  0.40000000  0.40000000  0.15000000  24
  0.45000000  0.35000000  0.15000000  48
  0.45000000  0.40000000  0.20000000  48
  0.45000000  0.45000000  0.25000000  24
  0.50000000  0.35000000  0.20000000  48
  0.50000000  0.40000000  0.25000000  48
  0.50000000  0.45000000  0.30000000  48
  0.50000000  0.50000000  0.35000000  24
  0.55000000  0.35000000  0.25000000  48
  0.55000000  0.40000000  0.30000000  48
  0.55000000  0.45000000  0.35000000  48
  0.55000000  0.50000000  0.40000000  48
  0.60000000  0.35000000  0.30000000  48
  0.60000000  0.40000000  0.35000000  48
  0.60000000  0.45000000  0.40000000  48
  0.65000000  0.35000000  0.35000000  24
  0.65000000  0.40000000  0.40000000  24
  0.30000000  0.30000000  0.05000000  24
  0.35000000  0.30000000  0.10000000  48
  0.35000000  0.35000000  0.15000000  24
  0.40000000  0.30000000  0.15000000  48
  0.40000000  0.35000000  0.20000000  48
  0.40000000  0.40000000  0.25000000  24
  0.45000000  0.30000000  0.20000000  48
  0.45000000  0.35000000  0.25000000  48
  0.45000000  0.40000000  0.30000000  48
  0.45000000  0.45000000  0.35000000  24
  0.50000000  0.30000000  0.25000000  48
  0.50000000  0.35000000  0.30000000  48
  0.50000000  0.40000000  0.35000000  48
  0.50000000  0.45000000  0.40000000  48
  0.50000000  0.50000000  0.45000000  24
  0.55000000  0.30000000  0.30000000  24
  0.55000000  0.35000000  0.35000000  24
  0.55000000  0.40000000  0.40000000  24
  0.55000000  0.45000000  0.45000000  24
  0.25000000  0.25000000  0.05000000  24
  0.30000000  0.25000000  0.10000000  48
  0.30000000  0.30000000  0.15000000  24
  0.35000000  0.25000000  0.15000000  48
  0.35000000  0.30000000  0.20000000  48
  0.35000000  0.35000000  0.25000000  24
  0.40000000  0.25000000  0.20000000  48
  0.40000000  0.30000000  0.25000000  48
  0.40000000  0.35000000  0.30000000  48
  0.40000000  0.40000000  0.35000000  24
  0.45000000  0.25000000  0.25000000  24
  0.45000000  0.30000000  0.30000000  24
  0.45000000  0.35000000  0.35000000  24
  0.45000000  0.40000000  0.40000000  24
  0.45000000  0.45000000  0.45000000   8
  0.20000000  0.20000000  0.05000000  24
  0.25000000  0.20000000  0.10000000  48
  0.25000000  0.25000000  0.15000000  24
  0.30000000  0.20000000  0.15000000  48
  0.30000000  0.25000000  0.20000000  48
  0.30000000  0.30000000  0.25000000  24
  0.35000000  0.20000000  0.20000000  24
  0.35000000  0.25000000  0.25000000  24
  0.35000000  0.30000000  0.30000000  24
  0.35000000  0.35000000  0.35000000   8
  0.15000000  0.15000000  0.05000000  24
  0.20000000  0.15000000  0.10000000  48
  0.20000000  0.20000000  0.15000000  24
  0.25000000  0.15000000  0.15000000  24
  0.25000000  0.20000000  0.20000000  24
  0.25000000  0.25000000  0.25000000   8
  0.10000000  0.10000000  0.05000000  24
  0.15000000  0.10000000  0.10000000  24
  0.15000000  0.15000000  0.15000000   8
  0.05000000  0.05000000  0.05000000   8
